1    2.449490
2    2.738613
3    2.857738
4    2.922613
5    2.963388
6    2.991376
7    3.011774
8    3.027298
9    3.039508
10    3.049362
11    3.057482
12    3.064288
13    3.070075
14    3.075057
15    3.079390
16    3.083193
17    3.086558
18    3.089556
19    3.052082
20    3.054538
21    3.056764
22    3.058791
23    3.060645
24    3.062346
25    3.063913
26    3.065361
27    3.066703
28    3.053335
29    3.054503
30    3.055594
31    3.056616
32    3.057574
33    3.058475
34    3.059323
35    3.060124
36    3.060880
37    3.054053
38    3.054733
39    3.055378
40    3.055992
41    3.056576
42    3.057132
43    3.057663
44    3.058170
45    3.058654
46    3.054517
47    3.054961
48    3.055388
49    3.055796
50    3.056189
51    3.056567
52    3.056929
53    3.057279
54    3.057615
55    3.054841
56    3.055155
57    3.055457
58    3.055749
59    3.056031
60    3.056303
61    3.056567
62    3.056822
63    3.057070
64    3.055081
65    3.055314
66    3.055539
67    3.055758
68    3.055970
69    3.056176
70    3.056377
71    3.056571
72    3.056761
73    3.054237
74    3.054416
75    3.054591
76    3.054761
77    3.054927
78    3.055088
79    3.055245
80    3.055399
81    3.055548
82    3.054383
83    3.054526
84    3.054665
85    3.054801
86    3.054933
87    3.055063
88    3.055190
89    3.055314
90    3.055435
91    3.054502
92    3.054618
93    3.054731
94    3.054842
95    3.054951
96    3.055058
97    3.055162
98    3.055264
99    3.055364
